5.442023624234930933e-03
1.057847168725772197e-02
1.817281314918940682e-02
1.492558521571375925e-02
6.538287199686249052e-02
3.174420791710355627e-02
3.419494394453065356e-02
8.473116745592474200e-03
6.700058805517224159e-03
8.394448312082695290e-03
3.901449762455320991e-02
1.224847994944746644e-02
2.054768790915384447e-02
3.009651160554901311e-02
1.929358692521079832e-02
1.395800722854703690e-02
1.048770299424115968e-02
1.457336814784296504e-02
3.753954670071635302e-02
2.408095076217369943e-02
7.281301239642291694e-03
1.081756312671449186e-02
3.578825409998051023e-03
1.864555706973927002e-02
5.653867327073761745e-02
8.298462756311403288e-02
1.633147499591232343e-02
2.776785524418352510e-02
7.769050206899040870e-03
1.731575729725408352e-02
1.536417633481663644e-02
2.019140624357744843e-02
3.961021633028563582e-02
1.437262109225372585e-02
1.052884276315207632e-02
4.752484161753444541e-02
4.503727272478793425e-02
5.581371154548780793e-03
2.205461371839503859e-02
2.118680950942268201e-02
8.183609432205248696e-03
2.202273010420735533e-02
8.216687031773152114e-03
4.842509554604294830e-03
1.845985438723233424e-02
2.165359446935326976e-02
9.402226977989119883e-03
1.493388532134752589e-02
2.128905586090380775e-02
2.584195298743660260e-02
