-1.033066412815305757e+00 -9.930564520044265819e+00 -1.188139288004476413e+01 3.454563786172454520e+00 -6.168269777736878012e+00 -3.994069500115413263e+01 -4.556922218424260262e-01 -7.062792889163926020e+02 7.766425597176515594e-02 -3.835093405183445658e-01 1.281777852218757552e+01 -1.274660015555865868e+02 3.102228554978961839e+01 1.403796046478198534e+01 -3.739262268679268697e+00 -6.481060845273316495e+00 2.189564520415742344e+00 2.443893212398945636e+01 9.060295445793773439e+00 -6.896943953470720601e+01 -8.898009746349638149e+00
4.255955108663468600e+00 -4.190915010283475084e+01 -6.823030975804343923e-01 1.224171120647216782e+01 -1.553226876526053246e+01 -3.303741001427731749e+00 -7.092838764380460681e+00 -7.556759247264404067e+00 5.855169769664897439e-01 -1.412310892232622095e+01 9.953255629557142825e+00 4.356807460182728242e+00 -1.010205074954197535e+01 -2.876752912004907259e+01 -3.895316591795990324e-01 -2.302261796154930806e+01 -1.780525756502779089e+01 -1.371156612964474775e+00 -3.956339367527920370e+00 8.879278329233949663e+00 7.835819693003715614e+00
1.999970717720536972e-01 7.567906206184758788e-02 3.215030315105710468e+00 1.879824429212243686e+00 -1.380264060333487564e+01 -3.401938024958174989e+00 -9.864782488353373013e-01 -4.498267563505525257e-01 1.735297928308400239e+00 -5.155393581338098663e+00 -1.208654997852859907e+02 -5.817496255380758186e+01 6.723987090357534946e-01 1.755316516856463238e+01 -6.261284287583088748e+00 -1.966140062733348959e+00 -1.854025832633774939e+01 1.441426694664500241e+00 -5.060551158521820803e+00 2.707406274284084091e+00 2.054275824342418844e+00
-2.871540673744295002e+00 3.340547837305538170e+00 -1.549557963457700582e+00 2.574324166842643535e+00 -3.220718095427682925e+01 -8.890189815798505535e+00 8.114846852769096452e-01 4.042844190652781222e+00 -2.715666688157439879e+01 -3.364027962518130632e+00 6.303378321215510560e+00 3.953546295688702639e+00 -1.962778426533975384e+00 5.965313728149879147e-01 1.728332882742635634e+00 -4.330455635649295143e-01 -5.852636245516393387e+00 -6.119648920298860872e+00 2.738740343027761170e+01 3.469352356438397678e-01 -1.024671049756696739e+01
-1.087460619944476115e+01 -9.304700423176528830e+02 1.162261441852872501e+01 9.498619885144579555e+00 3.257436366209318646e+00 1.475316104201390977e-01 -3.355495018869497414e+01 -7.691229127437660296e+00 -7.045290731633448988e-01 -8.532888304124021106e-01 -8.494340274167209159e+00 -1.075799056143774274e-01 -1.345583076727828065e+01 -5.757205935060549784e+00 2.110781552369747072e+00 -2.389949100576985686e+01 3.106503515488143563e+01 4.585798396460732285e+00 -1.574386080630728024e+01 -1.317883043454197889e+01 -6.895355922378974434e+00
-6.891070888030016661e+00 -1.228866353824904278e+00 2.269320526240840574e-01 -2.058231029371181631e+00 -5.435280631418842212e+00 2.215785408284795110e+01 1.681264987211948059e+00 -1.973537107946892277e+01 1.483268253932692238e+00 -2.567596833964290948e+00 -4.673037519473377532e-01 -6.118428302136901920e+00 1.874657474545157498e+01 -8.488596157249052254e+00 -2.336746822216487018e+01 2.587822329245787589e+00 5.890276683724808393e+00 -3.777619154346792811e+02 -3.357351627370483094e+00 -2.875644732756192035e+00 1.344506511408928739e+00
-3.786293075237889827e-01 -4.362842328872175379e+00 -3.141012339505579476e+01 4.657164207819625368e+00 8.837872965024105909e+00 1.333755090159494117e+00 -3.691013118616766620e-01 -1.174946958011956610e+01 -1.255252490903530216e+01 4.437598758926476067e-02 -2.937376857115916096e+01 -7.903921896997158747e+00 6.174727353658685303e+00 -6.132020144033575093e+00 -4.368641288301067682e+00 -8.596807311452404576e+01 -1.861633105842788893e+01 3.234311662173433177e+01 8.373500505851891873e+00 -4.335701206670646179e+00 -1.962898193542708114e+01
-2.620607595672557188e+00 -6.003017773413371394e+00 -5.896120053114878301e-01 -9.908366383701597613e+01 3.548944889820690562e+00 -1.025959120028981175e+01 -1.300753798790934557e-01 -7.601592888601039988e+00 2.450265366571213299e+00 6.479252933662775327e+00 2.445222075642307757e+00 -7.822630592286714979e+00 -3.826433643189302813e+01 -1.723250326423376322e+01 -4.588832681223522947e+00 1.742226348327073682e+00 2.950113980899366695e+01 -1.593892121464354494e-01 9.405588506095939882e-01 2.084176976954913663e+00 -9.326403234406686948e+00
-3.484576267192484589e-01 1.296959678956457829e+01 -1.163472856578933268e+01 -1.712970914878217243e+01 2.542039923396693712e+00 -1.350045921318487174e+01 -3.378284860059292782e+01 1.202803099573715251e+01 5.572561422536875142e+00 2.131992232211485039e+00 8.038077798858884737e-01 3.186445889785813446e+00 1.601817801122878748e+00 1.916291108923215691e-01 9.758204270296399585e+00 2.359331211251756599e+00 -1.933916392911510229e+01 -2.756128295740417755e+01 -9.791952947371402871e+00 -4.469497764415638841e+01 -1.797051459995783773e+01
-3.448880782704609071e+00 -8.003642830465883762e+00 -3.709741477806377219e+01 7.269769702081678275e+00 2.453556991427713552e+00 -5.758106150896190201e+01 2.910535763735833470e+01 -1.456572299944742710e+01 9.317962623628953112e-02 6.664305102139314485e+00 2.170802890963075882e+00 -2.430981558293054068e+00 -1.715402404041309836e+01 9.795403992528427750e+00 -1.046539120286516322e+01 3.849284443117286236e-01 2.059810434932338730e+00 -4.478317373136130186e+01 -1.730555622962515017e+01 -5.855437572242822242e+00 -1.901463607412059176e+01
