-3.136258789554523752e+00 -8.979243016906038322e-02 -8.041882157219493621e+00 -1.376662055538631746e+00 -1.058983245237345994e+00 -4.019134310120270470e+01 -1.019569252472493526e+00 -6.399509454564354201e+02 7.926560588435408450e-01 -1.978852066604885662e+00 4.721195694376894458e+00 -1.290228348430319194e+00 3.151495758276270820e+01 1.073878704481860247e+01 -2.228918820665467315e+00 -7.685719915891972676e+00 -6.437289363454469893e+00 2.849837188197733084e+01 2.862594572452476616e+00 -4.549034876964788587e+00 -1.263751637312631182e+01
4.711714172938815892e+00 -1.211914882026726836e+01 -2.077004584679844057e-01 2.513904063820614709e+00 -1.099250116313502268e+01 -1.749756563083932459e+00 2.177296982637856593e-01 -2.506718268760330659e+00 -4.087191082445280066e-01 -7.781485758977327194e+00 3.082543059723914070e+00 3.480582706342692401e+00 -4.743425909749778846e+00 -8.131459476176711831e+00 3.183379433122939667e-02 -6.451588937805720292e+00 -4.033338503571330058e+00 -3.917394582966860828e+00 -1.817259530947305413e+00 5.215834328168998724e+00 2.419071952886232835e-01
-3.064652763057669205e-01 1.715558492217438058e+00 2.689084046316553067e+00 -2.219820374116224126e+00 -1.024624322185509939e+01 9.496654718766990300e-01 -3.508921556390734442e-01 -4.558384550065170959e-01 1.255997520510295562e+00 -1.194520233909059392e+01 -1.762472484521802585e+01 -1.641527006148810486e+01 -4.044914390373801183e+00 1.098699592121084478e+01 -3.817098734526742643e+00 -2.124458103193253677e+00 -1.931721973971825435e+01 -1.442709908554413445e-01 -2.366079128064960457e+00 1.372226031170848959e-01 -1.160856266155244204e-01
-9.332610343839354838e-01 2.748603884751192883e+00 -1.481129909694143043e+00 -9.512713654556058662e-01 -1.605047619752430821e+00 -1.005781210609096643e+00 8.212960497970620555e-01 1.840791887604291688e+00 -1.699598458243224997e+01 -1.020787332711849960e+00 -1.573754575981357179e-02 4.628398787921963908e+00 1.446532517057328923e-02 2.483536891766929156e+00 -4.699713379568118965e-01 -3.233024439497463876e-01 -3.860288657125094058e+00 -4.533131592786208142e-01 8.156650180176095333e+00 9.200543814261612496e-01 -4.819174038639475022e+00
-8.901133286671949918e+00 -1.569848091120013578e+02 9.916093147001163288e+00 5.596296854944679211e+00 2.131457443763033144e+00 1.758989231020070265e-01 -8.117221495279157040e+00 3.451340824050757039e-01 -6.232684507309922406e-01 -9.489370785881890979e-01 -3.553637243569135240e+00 2.512301216647473412e-01 -3.685618000501565739e+00 -2.261267671298319848e-02 1.455719808674459381e+00 -6.742943910045852363e+00 7.268275487018377667e+00 1.521918814115404750e+00 1.601388603932317967e+00 -5.770745677727137313e+00 -1.906342286191595958e+00
-4.646717875726736224e+00 -1.640749887658241590e+00 -1.359492590553366097e-02 -2.936499429739466982e-01 -1.648721552746550501e+01 1.334597621746567597e+01 5.030179729387312948e-01 -1.799696257410014821e+00 1.170347587782797572e+00 -4.083196437910351362e-01 -2.638514228508906712e+00 2.404130596722202085e-01 2.113022532046176405e+00 -1.144758190378603491e+00 -1.999701857712150366e+00 4.423301145366193565e-01 4.202818760796924735e+00 -1.851157206167483693e+01 -8.811532412852318696e-01 -9.873277416306109888e-01 -1.713262828422739970e-01
-7.600779341228817154e-01 -4.495213739187700952e+00 -3.091520915888955301e+01 1.609265978387823370e+00 1.089167532475321831e+00 5.706785118915618682e+00 -2.951666109370915114e-01 -6.985322918025922867e+00 -6.510077350213657077e+00 1.842903510279148449e+00 -2.048742395859603604e+00 -3.882556133354219341e+00 2.241552590320034621e+00 -7.342769886374088451e+00 -4.322464043493905450e+00 -1.735669374996858778e+02 -1.858162352142123908e+01 3.378731984424219803e+01 -5.214099834476108031e-01 -3.147621241111858037e+00 -5.075089863315248806e+00
-3.778723094510510472e-01 3.567799985009244973e-02 5.622439827422305303e-01 -5.193336000833733124e+01 3.574783638479321013e+00 -4.374942525556662964e+00 -3.942284497408390376e+00 -5.590463430456212857e-01 1.536023749042189357e-01 -1.072886635707140934e+00 6.781881769978098662e-01 -3.364340197024780821e+00 -1.162083603654683195e+01 -3.540271584142505201e+00 -3.059702428631501991e+00 -8.852532391884548879e-01 1.443721606033751215e+01 -2.689446128445822204e+00 2.045220548046005504e+00 2.229211598443509301e-01 -2.361213766448823748e+00
-1.192383058398592821e+00 3.957161456695836854e+00 -3.208004153336919018e+01 -9.258744525405019132e+00 1.252768302702163883e+00 -7.803243088113661408e+00 -8.176441258536897017e-02 9.319627805437967538e+00 2.312956496740150136e+00 -1.173810136237816992e-01 -1.290037565508028949e+00 3.305755467231322076e+00 -1.951217284124716622e+00 -3.098154028114702641e+00 3.681447869099458536e+00 -3.347199416419816553e-01 -9.124072729022699946e+00 -1.490684657603673813e+01 4.391631603755754426e-02 -4.477739927175760215e+01 -1.474237892727100707e+00
-3.166579013992264713e+00 -7.544534141502487579e+00 -1.596086663288572360e+01 8.595476503698394888e-01 2.168452081775419149e+00 -8.697271167372361944e+00 1.070309647597978397e+01 -5.826052020261285769e+00 -2.431007578998837793e-01 5.896973058627994924e+00 1.311188467695865167e+00 7.782545032160813336e-02 -1.241821178176764384e+01 3.780762714087764209e+00 -4.521033274201244012e+00 6.072671431615215276e-01 5.356927403752560074e-02 -1.476671435210890060e+01 -7.722144831844149238e+00 -3.165894349749666326e+00 -1.813388851579921690e+00
